P1 5 7 1
P2 3 5 2
P3 3 2 3
P4 9 7 4
P5 8 3 5
P6 7 4 6
P7 5 4 7
P8 2 3 8
P9 4 4 9
P10 3 3 10
P11 6 5 11
P12 2 3 12
P13 6 7 13
P14 2 6 14
P15 2 4 15
P16 2 3 16
P17 6 7 17
P18 5 3 18
P19 3 3 19
P20 1 6 20
P21 5 9 21
P22 10 3 22
P23 2 2 23
P24 5 4 24
P25 7 7 25
P26 10 5 26
P27 8 5 27
P28 9 2 28
P29 5 9 29
P30 8 7 30
P31 8 2 31
P32 2 2 32
P33 3 4 33
P34 2 5 34
P35 10 6 35
P36 10 9 36
P37 9 6 37
P38 6 8 38
P39 2 2 39
P40 4 3 40
P41 1 5 41
P42 9 6 42
P43 6 4 43
P44 6 3 44
P45 2 7 45
P46 7 1 46
P47 9 8 47
P48 7 4 48
P49 1 3 49
P50 3 4 50
P51 9 6 51
P52 8 2 52
P53 3 8 53
P54 2 3 54
P55 2 4 55
P56 1 8 56
P57 1 2 57
P58 1 6 58
P59 9 3 59
P60 8 7 60
P61 1 5 61
P62 8 2 62
P63 9 8 63
P64 3 6 64
P65 9 5 65
P66 10 7 66
P67 2 6 67
P68 9 4 68
P69 7 3 69
P70 5 7 70
P71 3 6 71
P72 7 5 72
P73 5 7 73
P74 10 6 74
P75 4 3 75
P76 6 5 76
P77 6 6 77
P78 2 2 78
P79 4 6 79
P80 9 6 80
P81 5 4 81
P82 2 2 82
P83 6 7 83
P84 7 8 84
P85 3 6 85
P86 9 6 86
P87 7 6 87
P88 6 7 88
P89 2 5 89
P90 7 4 90
P91 3 2 91
P92 2 5 92
P93 6 7 93
P94 3 7 94
P95 4 4 95
P96 4 4 96
P97 2 6 97
P98 7 3 98
P99 5 4 99
P100 10 8 100
P101 2 4 101
P102 7 7 102
P103 7 5 103
P104 8 1 104
P105 8 3 105
P106 10 6 106
P107 4 3 107
P108 3 3 108
P109 4 4 109
P110 9 2 110
P111 3 5 111
P112 8 9 112
P113 1 5 113
P114 8 4 114
P115 6 4 115
P116 5 7 116
P117 7 8 117
P118 4 4 118
P119 10 5 119
P120 8 7 120
P121 2 3 121
P122 4 9 122
P123 1 3 123
P124 7 7 124
P125 6 5 125
P126 4 3 126
P127 2 6 127
P128 9 3 128
P129 10 8 129
P130 6 7 130
P131 9 5 131
P132 3 9 132
P133 4 4 133
P134 5 1 134
P135 1 4 135
P136 1 5 136
P137 6 4 137
P138 6 7 138
P139 4 4 139
P140 9 6 140
P141 4 5 141
P142 6 6 142
P143 8 6 143
P144 6 4 144
P145 6 7 145
P146 3 4 146
P147 1 5 147
P148 4 4 148
P149 8 6 149
P150 2 4 150
P151 3 6 151
P152 9 5 152
P153 6 7 153
P154 3 4 154
P155 5 3 155
P156 3 5 156
P157 8 4 157
P158 9 6 158
P159 2 5 159
P160 7 1 160
P161 4 3 161
P162 10 5 162
P163 2 5 163
P164 8 8 164
P165 6 7 165
P166 4 5 166
P167 8 7 167
P168 1 5 168
P169 9 6 169
P170 3 3 170
P171 10 2 171
P172 2 3 172
P173 1 5 173
P174 7 5 174
P175 10 4 175
P176 8 3 176
P177 2 2 177
P178 2 3 178
P179 1 5 179
P180 9 4 180
P181 3 4 181
P182 3 4 182
P183 10 6 183
P184 10 4 184
P185 5 6 185
P186 6 4 186
P187 3 4 187
P188 2 9 188
P189 4 6 189
P190 6 8 190
P191 10 4 191
P192 8 2 192
P193 5 9 193
P194 3 5 194
P195 7 4 195
P196 10 7 196
P197 6 4 197
P198 6 3 198
P199 2 5 199
P200 4 3 200
P201 9 7 201
P202 1 4 202
P203 8 7 203
P204 1 4 204
P205 10 2 205
P206 7 5 206
P207 8 5 207
P208 1 2 208
P209 8 3 209
P210 10 3 210
P211 1 5 211
P212 2 8 212
P213 2 7 213
P214 10 5 214
P215 4 3 215
P216 8 3 216
P217 6 6 217
P218 8 8 218
P219 1 3 219
P220 1 3 220
P221 3 10 221
P222 2 4 222
P223 8 4 223
P224 7 6 224
P225 5 1 225
P226 4 2 226
P227 8 3 227
P228 2 4 228
P229 2 5 229
P230 9 4 230
P231 8 6 231
P232 10 5 232
P233 2 5 233
P234 5 3 234
P235 2 2 235
P236 1 6 236
P237 3 7 237
P238 1 9 238
P239 3 3 239
P240 10 7 240
P241 10 8 241
P242 5 7 242
P243 3 11 243
P244 3 1 244
P245 7 9 245
P246 6 5 246
P247 10 5 247
P248 4 4 248
P249 3 5 249
P250 2 3 250
P251 4 6 251
P252 7 6 252
P253 3 6 253
P254 4 3 254
P255 5 3 255
P256 9 5 256
P257 9 6 257
P258 2 8 258
P259 1 4 259
P260 10 4 260
P261 3 4 261
P262 8 4 262
P263 9 7 263
P264 4 3 264
P265 4 7 265
P266 2 5 266
P267 6 1 267
P268 6 5 268
P269 2 2 269
P270 10 4 270
P271 7 3 271
P272 3 5 272
P273 4 4 273
P274 1 10 274
P275 5 9 275
P276 10 7 276
P277 7 5 277
P278 4 7 278
P279 3 6 279
P280 1 5 280
P281 5 1 281
P282 9 5 282
P283 10 7 283
P284 10 6 284
P285 2 4 285
P286 4 5 286
P287 10 3 287
P288 10 9 288
P289 6 5 289
P290 10 7 290
P291 10 2 291
P292 10 7 292
P293 9 7 293
P294 10 4 294
P295 3 5 295
P296 2 2 296
P297 2 8 297
P298 10 3 298
P299 9 4 299
P300 5 6 300
P301 9 6 301
P302 7 5 302
P303 8 3 303
P304 4 9 304
P305 8 6 305
P306 2 9 306
P307 6 7 307
P308 6 9 308
P309 8 8 309
P310 10 5 310
P311 8 4 311
P312 4 2 312
P313 8 4 313
P314 7 5 314
P315 3 6 315
P316 9 5 316
P317 1 4 317
P318 3 5 318
P319 9 6 319
P320 8 5 320
P321 4 7 321
P322 10 4 322
P323 7 3 323
P324 5 7 324
P325 9 4 325
P326 1 4 326
P327 6 7 327
P328 10 7 328
P329 10 9 329
P330 7 2 330
P331 7 4 331
P332 10 5 332
P333 3 4 333
P334 4 5 334
P335 5 1 335
P336 2 4 336
P337 7 4 337
P338 10 3 338
P339 7 4 339
P340 4 3 340
P341 10 2 341
P342 7 2 342
P343 8 6 343
P344 9 7 344
P345 3 10 345
P346 2 5 346
P347 8 4 347
P348 5 1 348
P349 6 5 349
P350 8 7 350
P351 2 4 351
P352 10 3 352
P353 7 6 353
P354 8 5 354
P355 4 4 355
P356 7 4 356
P357 8 5 357
P358 1 5 358
P359 9 6 359
P360 9 3 360
P361 9 3 361
P362 5 6 362
P363 8 8 363
P364 4 4 364
P365 10 8 365
P366 3 4 366
P367 5 1 367
P368 6 6 368
P369 4 4 369
P370 4 2 370
P371 10 5 371
P372 5 1 372
P373 2 4 373
P374 9 4 374
P375 4 4 375
P376 4 6 376
P377 10 10 377
P378 3 6 378
P379 1 4 379
P380 6 6 380
P381 2 3 381
P382 2 5 382
P383 7 6 383
P384 10 2 384
P385 2 4 385
P386 2 5 386
P387 6 7 387
P388 1 4 388
P389 2 5 389
P390 4 5 390
P391 10 5 391
P392 3 6 392
P393 8 6 393
P394 9 5 394
P395 6 3 395
P396 7 6 396
P397 3 5 397
P398 2 2 398
P399 5 10 399
P400 7 3 400
P401 7 3 401
P402 6 3 402
P403 1 2 403
P404 8 6 404
P405 4 5 405
P406 6 3 406
P407 2 7 407
P408 5 9 408
P409 8 9 409
P410 4 12 410
P411 2 4 411
P412 1 5 412
P413 5 5 413
P414 8 4 414
P415 10 6 415
P416 8 5 416
P417 1 7 417
P418 6 8 418
P419 9 5 419
P420 3 6 420
P421 9 5 421
P422 10 4 422
P423 7 2 423
P424 9 4 424
P425 8 3 425
P426 2 7 426
P427 7 6 427
P428 3 6 428
P429 5 3 429
P430 1 5 430
P431 9 10 431
P432 2 3 432
P433 6 5 433
P434 1 6 434
P435 9 4 435
P436 1 3 436
P437 9 4 437
P438 2 9 438
P439 6 8 439
P440 8 10 440
P441 5 4 441
P442 9 2 442
P443 9 5 443
P444 2 6 444
P445 7 2 445
P446 8 5 446
P447 9 9 447
P448 7 4 448
P449 5 7 449
P450 7 8 450
P451 1 3 451
P452 4 8 452
P453 6 6 453
P454 9 3 454
P455 4 3 455
P456 6 6 456
P457 10 6 457
P458 10 7 458
P459 8 3 459
P460 5 9 460
P461 3 8 461
P462 8 3 462
P463 8 7 463
P464 10 6 464
P465 10 4 465
P466 6 8 466
P467 1 7 467
P468 8 4 468
P469 8 3 469
P470 8 11 470
P471 6 3 471
P472 2 7 472
P473 6 4 473
P474 6 7 474
P475 5 5 475
P476 4 4 476
P477 5 4 477
P478 4 3 478
P479 3 7 479
P480 10 7 480
P481 10 2 481
P482 5 5 482
P483 5 7 483
P484 8 7 484
P485 4 4 485
P486 8 8 486
P487 3 6 487
P488 3 6 488
P489 9 7 489
P490 10 5 490
P491 9 3 491
P492 1 6 492
P493 9 5 493
P494 6 4 494
P495 1 4 495
P496 8 7 496
P497 4 7 497
P498 3 3 498
P499 6 4 499
P500 1 9 500
P501 2 2 501
P502 3 5 502
P503 4 5 503
P504 7 10 504
P505 8 5 505
P506 9 5 506
P507 1 5 507
P508 2 6 508
P509 2 4 509
P510 5 3 510
P511 3 1 511
P512 3 5 512
P513 9 5 513
P514 7 3 514
P515 10 4 515
P516 2 4 516
P517 6 8 517
P518 4 3 518
P519 7 9 519
P520 5 2 520
P521 5 4 521
P522 5 8 522
P523 7 2 523
P524 3 9 524
P525 3 7 525
P526 9 8 526
P527 1 6 527
P528 6 4 528
P529 3 6 529
P530 6 4 530
P531 8 3 531
P532 4 6 532
P533 10 5 533
P534 1 4 534
P535 1 8 535
P536 9 4 536
P537 1 8 537
P538 3 4 538
P539 2 3 539
P540 4 3 540
P541 9 4 541
P542 5 5 542
P543 9 7 543
P544 7 5 544
P545 3 3 545
P546 8 5 546
P547 9 3 547
P548 9 5 548
P549 4 2 549
P550 5 3 550
P551 5 6 551
P552 8 6 552
P553 1 2 553
P554 1 7 554
P555 1 9 555
P556 3 7 556
P557 2 5 557
P558 1 6 558
P559 10 9 559
P560 4 5 560
P561 8 4 561
P562 7 1 562
P563 8 7 563
P564 7 5 564
P565 10 3 565
P566 10 4 566
P567 7 2 567
P568 2 4 568
P569 4 4 569
P570 8 8 570
P571 6 4 571
P572 2 6 572
P573 4 4 573
P574 4 5 574
P575 8 4 575
P576 7 3 576
P577 3 9 577
P578 8 3 578
P579 5 8 579
P580 6 2 580
P581 2 1 581
P582 1 3 582
P583 6 1 583
P584 5 2 584
P585 1 1 585
P586 6 4 586
P587 7 5 587
P588 4 2 588
P589 8 7 589
P590 9 3 590
P591 10 4 591
P592 5 3 592
P593 5 3 593
P594 7 3 594
P595 3 9 595
P596 6 9 596
P597 8 4 597
P598 9 5 598
P599 8 6 599
P600 3 5 600
P601 8 8 601
P602 5 5 602
P603 6 8 603
P604 2 4 604
P605 10 3 605
P606 5 5 606
P607 10 8 607
P608 4 7 608
P609 3 2 609
P610 4 6 610
P611 2 5 611
P612 6 6 612
P613 6 6 613
P614 7 5 614
P615 10 6 615
P616 6 8 616
P617 4 4 617
P618 9 1 618
P619 2 3 619
P620 1 8 620
P621 7 3 621
P622 1 4 622
P623 7 8 623
P624 3 5 624
P625 9 7 625
P626 9 6 626
P627 9 3 627
P628 8 4 628
P629 9 7 629
P630 8 6 630
P631 10 3 631
P632 8 4 632
P633 4 4 633
P634 5 4 634
P635 9 6 635
P636 5 3 636
P637 9 9 637
P638 10 6 638
P639 8 3 639
P640 3 5 640
P641 5 4 641
P642 1 3 642
P643 9 6 643
P644 10 7 644
P645 7 5 645
P646 10 5 646
P647 8 10 647
P648 2 3 648
P649 8 2 649
P650 9 5 650
P651 2 1 651
P652 6 7 652
P653 9 4 653
P654 8 5 654
P655 9 7 655
P656 9 4 656
P657 8 4 657
P658 9 5 658
P659 6 6 659
P660 8 5 660
P661 8 5 661
P662 5 7 662
P663 6 4 663
P664 1 5 664
P665 1 5 665
P666 6 7 666
P667 5 6 667
P668 1 10 668
P669 6 7 669
P670 4 4 670
P671 4 3 671
P672 10 4 672
P673 5 2 673
P674 2 3 674
P675 10 3 675
P676 3 9 676
P677 1 5 677
P678 7 8 678
P679 5 6 679
P680 1 4 680
P681 5 3 681
P682 8 7 682
P683 6 7 683
P684 5 4 684
P685 6 5 685
P686 6 3 686
P687 3 5 687
P688 5 3 688
P689 4 6 689
P690 10 3 690
P691 3 3 691
P692 1 2 692
P693 4 6 693
P694 8 5 694
P695 3 5 695
P696 6 7 696
P697 3 2 697
P698 9 3 698
P699 6 2 699
P700 8 4 700
P701 3 4 701
P702 9 7 702
P703 10 7 703
P704 9 5 704
P705 2 9 705
P706 9 1 706
P707 1 3 707
P708 5 6 708
P709 7 5 709
P710 7 1 710
P711 5 3 711
P712 3 5 712
P713 5 3 713
P714 2 6 714
P715 7 5 715
P716 2 6 716
P717 8 4 717
P718 1 5 718
P719 6 5 719
P720 1 5 720
P721 10 4 721
P722 10 4 722
P723 4 2 723
P724 5 4 724
P725 7 4 725
P726 8 5 726
P727 2 3 727
P728 2 1 728
P729 7 4 729
P730 7 4 730
P731 1 4 731
P732 9 2 732
P733 8 2 733
P734 10 5 734
P735 9 6 735
P736 9 3 736
P737 10 1 737
P738 1 6 738
P739 5 5 739
P740 6 5 740
P741 8 6 741
P742 1 7 742
P743 8 6 743
P744 4 4 744
P745 3 7 745
P746 6 6 746
P747 7 2 747
P748 2 5 748
P749 6 5 749
P750 4 5 750
P751 4 5 751
P752 7 2 752
P753 4 6 753
P754 7 7 754
P755 3 5 755
P756 10 6 756
P757 5 11 757
P758 4 4 758
P759 3 3 759
P760 3 8 760
P761 1 8 761
P762 4 2 762
P763 1 6 763
P764 10 2 764
P765 3 4 765
P766 1 6 766
P767 10 5 767
P768 3 3 768
P769 1 6 769
P770 5 3 770
P771 10 4 771
P772 10 6 772
P773 5 3 773
P774 8 9 774
P775 3 6 775
P776 9 4 776
P777 3 7 777
P778 1 6 778
P779 10 4 779
P780 1 3 780
P781 5 8 781
P782 4 10 782
P783 7 7 783
P784 8 8 784
P785 2 7 785
P786 10 4 786
P787 9 7 787
P788 8 4 788
P789 5 4 789
P790 2 3 790
P791 10 8 791
P792 7 5 792
P793 5 3 793
P794 2 6 794
P795 6 5 795
P796 9 1 796
P797 2 5 797
P798 6 3 798
P799 1 8 799
P800 5 2 800
P801 10 3 801
P802 3 2 802
P803 4 3 803
P804 6 6 804
P805 10 5 805
P806 9 2 806
P807 7 3 807
P808 2 6 808
P809 9 4 809
P810 6 5 810
P811 2 5 811
P812 3 8 812
P813 1 5 813
P814 1 4 814
P815 2 7 815
P816 5 7 816
P817 2 4 817
P818 1 5 818
P819 2 3 819
P820 6 4 820
P821 4 5 821
P822 4 8 822
P823 3 7 823
P824 8 6 824
P825 5 4 825
P826 8 9 826
P827 6 4 827
P828 9 6 828
P829 5 10 829
P830 9 6 830
P831 3 4 831
P832 4 3 832
P833 3 5 833
P834 8 4 834
P835 2 4 835
P836 2 4 836
P837 6 2 837
P838 8 5 838
P839 5 7 839
P840 7 3 840
P841 5 2 841
P842 9 10 842
P843 1 5 843
P844 8 4 844
P845 9 8 845
P846 3 2 846
P847 4 2 847
P848 10 5 848
P849 5 5 849
P850 7 8 850
P851 7 8 851
P852 10 7 852
P853 10 9 853
P854 9 3 854
P855 7 3 855
P856 7 7 856
P857 9 7 857
P858 4 7 858
P859 5 3 859
P860 3 3 860
P861 4 7 861
P862 9 4 862
P863 9 9 863
P864 6 3 864
P865 8 7 865
P866 2 5 866
P867 9 5 867
P868 6 5 868
P869 9 5 869
P870 4 5 870
P871 2 8 871
P872 5 3 872
P873 2 7 873
P874 4 5 874
P875 2 4 875
P876 2 2 876
P877 8 8 877
P878 5 5 878
P879 1 5 879
P880 2 5 880
P881 2 4 881
P882 9 12 882
P883 1 2 883
P884 3 4 884
P885 8 2 885
P886 9 4 886
P887 9 9 887
P888 8 6 888
P889 5 7 889
P890 5 4 890
P891 2 2 891
P892 10 5 892
P893 5 6 893
P894 10 7 894
P895 8 3 895
P896 3 5 896
P897 3 8 897
P898 6 5 898
P899 8 3 899
P900 1 6 900
P901 9 6 901
P902 1 6 902
P903 8 5 903
P904 2 2 904
P905 4 10 905
P906 9 3 906
P907 3 3 907
P908 2 4 908
P909 6 8 909
P910 5 5 910
P911 5 6 911
P912 9 2 912
P913 4 4 913
P914 6 2 914
P915 1 2 915
P916 3 7 916
P917 6 8 917
P918 2 6 918
P919 2 7 919
P920 2 3 920
P921 8 9 921
P922 3 6 922
P923 2 2 923
P924 3 3 924
P925 5 5 925
P926 1 4 926
P927 5 6 927
P928 7 4 928
P929 6 9 929
P930 4 7 930
P931 10 6 931
P932 7 3 932
P933 4 5 933
P934 7 2 934
P935 8 5 935
P936 7 5 936
P937 7 6 937
P938 3 3 938
P939 8 10 939
P940 2 4 940
P941 7 4 941
P942 3 3 942
P943 2 6 943
P944 2 3 944
P945 10 5 945
P946 5 2 946
P947 6 4 947
P948 7 2 948
P949 8 7 949
P950 7 4 950
P951 9 2 951
P952 5 5 952
P953 10 9 953
P954 2 6 954
P955 7 5 955
P956 4 3 956
P957 2 2 957
P958 3 6 958
P959 2 7 959
P960 9 10 960
P961 6 7 961
P962 1 8 962
P963 5 7 963
P964 9 4 964
P965 7 6 965
P966 5 7 966
P967 6 8 967
P968 4 5 968
P969 9 5 969
P970 3 4 970
P971 7 5 971
P972 5 7 972
P973 5 2 973
P974 1 8 974
P975 9 3 975
P976 6 4 976
P977 5 2 977
P978 4 4 978
P979 3 5 979
P980 2 5 980
P981 1 4 981
P982 1 3 982
P983 8 4 983
P984 2 10 984
P985 2 5 985
P986 5 6 986
P987 5 5 987
P988 5 6 988
P989 7 3 989
P990 8 4 990
P991 3 4 991
P992 3 9 992
P993 9 4 993
P994 8 3 994
P995 1 4 995
P996 5 7 996
P997 4 3 997
P998 8 1 998
P999 10 6 999
P1000 2 4 1000
